38
24
37
38
64
99
16
57
37
69
28
20
31
100
75
70
70
8
59
64
96
2
63
15
11
12
60
73
22
37
44
7
17
1
0
10
14
70
75
88
5
63
60
96
67
78
54
12
88
66
15
31
60
38
7
39
58
63
84
4
38
56
41
73
22
85
23
19
42
34
42
14
58
24
16
37
51
87
33
75
71
48
23
78
2
57
19
62
7
15
1
68
10
33
23
73
55
47
30
51
74
3
38
91
39
96
29
59
72
70
13
33
97
85
87
9
28
45
18
32
91
1
8
4
7
46
66
76
85
24
29
0
47
0
87
52
28
37
81
29
39
36
76
48
80
2
87
68
59
75
88
19
21
57
5
25
17
12
32
76
85
99
13
68
42
26
65
73
55
37
16
97
75
25
15
2
79
4
59
58
73
48
54
87
43
73
97
53
15
19
58
56
92
54
39
46
12
68
76
82
36
46
83
0
93
64
22
45
74
56
44
7
55
57
59
84
66
78
39
57
7
62
44
11
93
28
16
22
86
94
69
1
12
0
3
75
73
17
13
80
14
41
87
49
87
20
87
29
50
36
78
35
25
65
97
68
16
49
94
88
95
49
92
89
49
98
14
86
3
58
47
83
11
72
89
34
85
94
11
23
30
26
51
66
89
28
24
0
88
51
6
70
96
34
62
72
68
66
62
16
44
71
97
53
54
10
82
86
33
40
98
99
92
55
72
72
65
54
69
95
8
13
4
71
75
53
50
92
91
45
93
80
11
19
13
84
37
78
91
20
37
71
46
59
16
78
33
100
79
26
13
89
93
31
32
4
67
0
25
80
52
21
18
4
47
89
30
14
88
85
91
65
92
51
43
3
56
33
1
16
84
97
22
36
36
69
12
45
42
57
37
59
9
92
100
18
4
5
47
100
50
52
18
98
19
99
81
62
79
9
34
37
82
47
16
3
14
47
55
32
49
36
97
90
58
49
0
100
35
2
16
13
85
65
34
4
81
95
16
56
35
11
98
18
94
66
57
67
90
95
46
37
89
58
70
31
53
15
62
63
20
88
95
89
69
17
14
13
48
32
47
9
95
57
90
14
84
71
96
58
71
6
7
23
99
62
88
57
70
58
35
7
23
99
49
94
26
52
63
26
37
30
88
79
72
20
3
62
47
33
74
40
63
1
80
57
77
43
36
80
41
42
32
32
80
24
73
61
47
10
90
12
51
22
4
2
30
15
86
56
66
64
26
63
26
33
34
45
17
63
92
7
30
40
70
85
87
59
96
46
60
16
5
23
16
89
56
20
84
37
87
41
69
22
10
21
73
12
43
14
91
78
82
83
51
64
92
26
78
28
38
75
97
27
100
72
70
87
68
57
18
52
57
33
26
92
16
29
17
66
52
15
8
1
2
31
67
55
16
30
96
3
72
100
51
38
61
85
84
21
26
66
87
22
89
37
85
72
10
70
43
48
96
2
92
95
44
6
16
66
26
61
42
40
86
42
4
64
20
86
29
20
43
35
41
57
58
96
81
66
20
74
39
55
89
93
27
84
33
99
14
97
17
38
35
63
83
49
62
18
75
86
79
80
73
47
92
63
85
28
0
64
46
9
56
69
19
7
3
75
85
2
97
11
69
81
44
96
23
72
20
65
9
60
74
20
18
33
70
61
48
28
55
93
24
17
76
24
97
3
83
23
60
49
18
52
44
56
56
19
89
84
65
59
52
67
51
28
83
100
87
77
25
9
46
33
33
35
46
11
28
66
43
31
28
65
5
94
56
93
95
85
4
86
28
64
19
8
22
70
11
23
74
32
71
96
30
72
59
63
13
12
45
22
19
52
0
21
46
60
83
98
22
30
97
17
24
82
54
74
50
38
6
41
54
73
42
38
45
24
20
84
3
96
17
85
96
58
23
44
34
25
1
99
73
22
76
86
13
52
56
60
14
77
65
21
80
42
48
57
47
64
95
47
60
2
6
95
25
16
5
75
41
26
35
57
88
49
88
40
48
93
83
69
26
35
98
58
2
86
7
49
21
25
40
53
88
5
91
16
92
0
33
68
47
6
82
80
84
36
95
89
22
26
43
55
54
90
84
77
67
95
89
18
26
15
2
45
66
7
15
73
39
58
35
16
73
55
60
52
61
1
4
10
53
5
55
62
87
92
21
18
46
79
37
70
87
30
28
14
60
45
21
50
17
50
11
79
37
97
51
88
1
65
19
77
54
27
8
25
67
45
32
50
68
13
3
93
72
46
43
5
20
59
16
28
37
88
19
42
